5 21 34 19 29 32 38
5 21 19 12 29 10 9 11
8 28 5 27 25 34 19 10 32 9 12
21 25 34 19 12 29 32 9 11
9 11 6 21 5 22
1 4 6 21 31 25 12
8 28 6 21 25 34 19 29 1 25 3
6 38 29 20 4
9 11 34 7 21 17 22 19
8 28 7 27 25 20 30 32 1 25 13
1 18
7 21 25 1 20 25 13 26
8 28 7 21 25 37 12 17 1
27 25 20 4
1 16
22 25 20 30 1 4 10 3
12 1 19
38 29 25 13 29 2
30 2
33 2 25 16
25 2 1
16 10 29 1 20
25 13 1 36
37 1 20 26 17
10 17 25 12
27 25 9 11 31
31 29 15 25 29
15 17 18 38 38 9 11 36
15 1 34 4
0 25 29 12 1
10 31 36 25 1 20 16 23 29 14
12
1 36 18 31
15 37 1 18
4 31 33 37 29 37 25 3 30 26 38 37 1 20
4 33 16 23 19 35 25 12 38 25 29 30
0 25 25 12
0 4 8 28 24 25 12
26 37 24 19 37 35 25 14
10 31 29 25 37 25
29 23 25 37 35 25 14
23 25 18 12 33
1 21 31
0 9 11 36 27 31
0 9 11 23 17 31
15 29 3 24
1 22 27
1 36 27
24 19 35 25 14
24 19 35 25 14
25 35
