31 40 38
23 31 32 18 17 17 26 17 31 32
2 31 12 7 1
2 14 36 20 16 8 26 11
23 20 12 7
14 36 20 16 8 26 11 1
2 37 23 20 11 16 10 38 36
31 12 40 25 21 1
15 26 11 25 21 36 19 20 17 24
26 3 32 18 3 30 34 20 16
37 23 12 7 13 42
39 30 37 23 27 32 0
15 30 17 40 6 28 29 31
33 36 22 20 12 6 41 28
36 22 27 12 41 31 38 36 20 16
29 39 33 25 21 36 26 11
2 28 40 3 38 45 43 36 25 1
11 13 44 20 40 16 8 10 43
11 17 34 27 10 20 40 10 20
11 13 17 34 20 30
27 32 26 11
13 37 23 20 0 16 12 6 19 29
3 25 39 33 28 22 26
20 15 38 45 43 36 26 11 28 17 26
0 42 18 35 31 12 6 16
30 26 24 33 0
2 3 38 20 12 34 0
24 26 12
0 19 42 44 42
42 31 0 35 20
13 29 41 44 34 26 20 40 40 31 12 7
13 39 41 44 35 26 11 20 40 16 8 19 12 7
13 44 26 35 26 11 19 24
42 26 30 40 3 45 26
30 14 18 34
42 22
14 20 5 9 4
15 38 36 22 26 11 25 21 5 9 4 30
42 39 40 38 26 11 28 5 9 4 43 17 30 40
39 3 40 26 42 11 34
28 40 38 45 20 40 0 16 28 5 9
14 26 34 43 17 17
19 42 9 4 45 26 11 20
15 3 38 26 11 34 28 5 9 17
31 17 20
