8 18 21 30 17 16 42 35 19 11 7 33 12
36 31 33 12
18 17 45 44 16 32 34 43 22 42 19 9 37
8 14 4
10 26 21 30 45 33 36 33 12 14 4 32
32 44 45 9 26 33
39 21 30 31 19 16 14 5 39 46 0 45 16
33 36 14 11 22 9 35 17 35 43 36
9 16 7 31 33 8 44 9 43
8 30 34 14 23 10 26 30 45
37 36 43 12 42 33 14 0
8 33 14 22 44 45 10
6 32 19 14 23 10 26
33 14 7
44 30 31 33 14 11 7 42
27 37 14 31
27 37
37 43
14 31
16 2
44 35 16 36 43 28
6 40 44 20 36 2
15 32 34 14 14 16
31 35 11 7 1
15 39 21 30 31 33 1 40
6 15 41 18 13
44 20 43 28 16 34 43 22
13 32 18 30 33 16 22 33
17 18 46 5 32 30 33 22 33 2
32 20 30 19 40 3
14 22 42 20 36 16
33 14 31 42
41 46 17 43 28 33 43 17 44 37
33 14 23 5 41 20
41 33 14 44 44 45 2
14 27 20 18 33 44 44 43
39 38 16 43 11 22 44 44 3
17 29 25 43 2
39 44 27 12 31 4
32 44 29 25 43 14 22 16 42
18 33 46 33 14 4
13 24 32 14 23 34
15 36 39 29 44 38 36 14 22 31
35 43 36 25 36
37 3 28 26 44 22 17 44 44 39 20
8 14 7
33 14 22 9 26 17 46 5 3
32 29 25 43 11 7 33 1
13 24 32 29 27 3 17 18 16 36
14 3
29 44 36 32 3
27 36
2 16 17
13 24 33 12 3
18 38 16 36 32 33 2
13 23 32 0 3
6 0 31 27 3 37 43
14 22 32 43 40 36
13 32 18 38 17 28 16 3
33 33
13 29 43 2 35
39 29 43 39 18 21
3 35 1
13 24 3 35 39
